19
16
14
34
65
-49
-53
1
-15
21
81
-34
-30
-100
-24
37
-5
-81
-79
-86
1
34
50
39
59
34
-51
-67
98
12
-26
0
30
33
-13
50
59
-71
70
84
-61
55
84
33
5
-91
9
32
-62
55
-61
-22
23
42
-44
-81
-100
14
-8
30
-1
-11
-31
85
-37
-76
66
86
-93
-22
-46
-31
47
-53
14
-62
-72
97
-59
-3
70
-86
5
60
-29
1
-41
8
-67
-52
-32
-48
-62
52
65
30
-50
4
65
46
82
79
-32
93
38
20
81
-93
-38
41
-5
-60
-14
-1
-1
-92
-26
79
-50
10
67
74
79
-73
-61
-25
-22
47
6
-12
-96
-38
32
-44
21
48
-82
43
-16
13
-4
68
46
-50
89
-91
46
-42
-78
-48
-88
-89
-26
-28
-81
58
57
12
-85
32
58
20
-5
-40
-92
-9
-52
66
-35
-20
-5
40
65
84
28
-23
27
-13
-41
1
12
-69
-26
6
75
44
-68
-18
-92
73
-87
-47
74
-18
-69
49
-4
-35
2
35
92
62
34
24
98
-37
-5
19
74
31
94
49
27
10
-18
-82
-6
-92
92
57
48
-91
-26
28
78
-16
43
-58
95
36
8
86
-37
-46
93
64
4
-69
65
-96
-73
-65
-2
-61
-76
40
32
8
72
-51
-97
-51
12
78
-67
-85
90
-86
-88
75
21
62
-81
-99
-41
-35
-83
-93
-5
18
-28
-31
-45
-38
10
-38
-63
-32
-6
-70
-17
29
69
67
62
73
43
-94
-81
-78
-49
-56
51
-60
12
93
-66
-45
61
88
67
-15
-19
26
63
56